1481
1515
1552
1562
1567
1568
1579
1599
1611
1624
1638
1679
1703
1712
1730
1807
1814
1816
1843
1883
1892
1905
1913
2015
2033
2082
2096
2104
2115
2155
2165
2167
2178
2209
2213
2215
2248
2277
2279
2308
2339
2343
2350
2356
2404
2415
2470
2519
2536
2555
2561
2572
2575
2586
2609
2635
2650
2652
2660
2661
2668
2689
2731
2759
2819
2827
2829
2850
2938
2940
2950
2965
2991
3015
3032
3036
3098
3105
3138
3145
3157
3195
3229
3237
3241
3254
3270
3280
3308
3335
3338
3350
3371
3382
3409
3415
3418
3453
3462
3471
3493
3568
3606
3626
3633
3681
3706
3752
3779
3826
3857
3860
3896
3906
3915
3930
3968
4010
4014
4038
4039
4112
4172
4195
4204
4207
4221
4226
4236
4247
4258
4408
4409
4423
4464
4471
4527
4558
4563
4570
4598
4625
4629
4681
4756
4778
4800
4804
4831
4897
4901
4921
4923
4958
4981
4993
5062
5078
5102
5131
5139
5141
5162
5189
5190
5202
5203
5206
5207
5239
5244
5254
5257
5262
5278
5283
5307
5329
5353
5383
5385
5410
5424
5459
5473
5572
5581
5588
5590
5641
5690
5700
5714
5761
5778
5812
5828
5876
5895
5908
5928
5929
5931
5941
6012
6033
6040
6048
6103
6110
6119
6163
6188
6197
6214
6254
6266
6268
6283
6316
6330
6375
6404
6411
6448
6502
6517
6549
6566
6574
6629
6633
6634
6688
6716
6717
6734
6774
6788
6794
6799
6814
6820
6823
6827
6901
6934
6976
7002
7021
7029
7046
7061
7064
7121
7163
7212
7240
7253
7260
7277
7278
7293
7303
7313
7323
7352
7359
7368
7396
7424
7451
7470
7485
7497
51
217
302
333
349
597
641
680
831
1108
1149
1161
1314
1463
1548
1549
1607
1616
1653
1719
1774
1862
1963
2103
2105
2145
2245
2341
2345
2363
2617
2772
2773
2806
3083
3107
3263
3300
3423
3448
3522
3562
3604
3673
3702
3705
3737
3757
3963
4001
4126
4242
4326
4336
4438
4455
4529
4608
4789
4822
4856
4932
4936
4950
4995
5045
5193
5238
5249
5289
5321
5448
5647
5830
5885
5901
5934
6207
6452
6622
6623
6663
6730
6896
6995
7075
7326
7342
7361
7404
7412
7436
7449
652
2797
160
1151
1249
1665
1939
2144
2160
2986
3108
4348
4630
5622
5967
26
38
50
54
59
62
67
71
72
94
102
111
122
132
172
213
258
264
323
343
369
396
416
421
441
446
460
488
491
525
549
561
579
593
609
677
693
708
752
789
799
802
816
848
865
895
907
919
942
990
1001
1023
1028
1029
1031
1046
1070
1078
1079
1086
1102
1114
1119
1133
1152
1165
1194
1211
1226
1243
1260
1261
1269
1280
1349
1357
1375
1397
1410
1417
1428
1475
1486
1527
1533
1538
1556
1584
1630
1645
1684
1687
1706
1715
1739
1750
1756
1800
1852
1873
1897
1933
1938
1954
1968
1978
1979
1989
1995
1997
2001
2025
2061
2070
2095
2143
2148
2159
2172
2181
2216
2257
2298
2311
2322
2375
2377
2389
2418
2458
2472
2525
2530
2560
2603
2608
2640
2646
2663
2688
2708
2718
2738
2749
2771
2807
2844
2869
2889
2907
2925
2937
2943
2945
2959
2971
2976
3007
3035
3064
3079
3084
3101
3150
3156
3176
3177
3184
3261
3268
3275
3291
3292
3315
3317
3341
3360
3369
3411
3429
3479
3518
3526
3537
3564
3566
3572
3576
3580
3602
3614
3615
3636
3640
3642
3666
3667
3718
3719
3725
3731
3734
3772
3808
3823
3829
3838
3862
3875
3890
3904
3923
3924
3939
3945
3951
3953
3959
3966
3983
3996
4008
4028
4034
4042
4064
4089
4123
4131
4165
4185
4197
4239
4277
4331
4357
4366
4367
4395
4416
4444
4459
4477
4489
4505
4522
4536
4553
4567
4579
4624
4631
4634
4640
4644
4645
4709
4750
4755
4797
4813
4828
4837
4852
4900
4914
4960
4976
5025
5086
5094
5120
5145
5156
5173
5216
5218
5253
5261
5271
5272
5309
5322
5330
5343
5356
5492
5537
5547
5574
5584
5587
5591
5597
5605
5627
5643
5648
5692
5704
5713
5729
5743
5853
5889
5893
5915
5981
6074
6085
6088
6178
6195
6248
6259
6345
6416
6417
6450
6466
6472
6483
6510
6537
6575
6579
6585
6594
6632
6679
6681
6687
6712
6732
6742
6783
6791
6802
6835
6892
6966
7079
7100
7122
7148
7175
7184
7190
7200
7231
7235
7239
7274
7327
7334
7349
7351
7389
7435
7446
7466
7506
7509
227
241
326
540
1276
1345
1587
1592
2318
2320
3406
3468
3513
4161
4198
4352
5050
5377
5395
5607
5696
5945
5957
7498
3975
4304
5362
5497
412
422
930
960
986
1824
2478
2553
2569
3099
3111
3123
3213
3519
3533
3661
3935
3984
4066
4525
4810
4978
5429
5515
5657
5852
6025
6141
6267
6325
6551
6956
123
876
2480
3206
3288
3647
3675
3887
5721
6236
6332
6719
44
119
131
138
140
163
197
245
272
337
429
476
506
566
595
698
748
753
764
888
910
925
936
1125
1317
1451
1488
1578
1596
1617
1717
1725
1776
1971
2017
2022
2078
2091
2241
2295
2305
2527
2621
2654
2690
2699
2707
2730
2752
2840
2929
2942
2961
2975
2990
3025
3026
3130
3148
3183
3217
3258
3334
3511
3554
3590
3697
3834
3848
3929
3942
3986
4009
4260
4275
4371
4568
4623
4650
4652
4671
4683
4720
4727
4730
4920
4947
4979
5199
5236
5250
5277
5334
5358
5363
5411
5469
5507
5658
5673
5705
5749
5756
5777
5800
5801
5874
5953
5972
5976
6065
6090
6144
6153
6409
6470
6479
6503
6525
6543
6639
6652
6698
6775
6782
6868
6876
6912
6915
6924
7030
7093
7111
7120
7138
7186
7328
7329
7376
7409
7439
7463
7491
69
78
150
174
188
195
202
244
322
365
395
440
454
497
542
564
603
610
643
707
712
714
763
803
817
843
875
940
1007
1155
1175
1399
1401
1415
1441
1450
1512
1629
1637
1669
1680
1711
1728
1746
1773
1788
1812
1841
1842
1940
1941
1969
1986
2021
2081
2151
2230
2253
2256
2273
2352
2358
2370
2391
2397
2399
2413
2421
2460
2474
2562
2588
2613
2616
2665
2744
2746
2782
2808
2809
2897
2924
2926
2949
2962
2967
2973
2974
2982
3056
3060
3093
3121
3122
3151
3161
3169
3218
3227
3269
3332
3397
3510
3547
3563
3603
3652
3704
3707
3713
3749
3786
3819
3851
3878
3898
3958
4006
4023
4118
4142
4166
4179
4180
4250
4265
4398
4603
4638
4656
4710
4725
4805
4845
4854
4855
4862
4863
4870
4877
4882
4973
5017
5024
5043
5128
5155
5172
5255
5302
5401
5407
5433
5592
5621
5656
5672
5676
5680
5737
5772
5786
5791
5855
6008
6050
6115
6134
6208
6257
6293
6303
6309
6314
6315
6342
6412
6413
6439
6467
6507
6522
6580
6589
6611
6653
6715
6769
6800
6805
6864
7098
7129
7188
7221
7237
7282
7296
7338
7347
7371
7407
7425
7443
7445
7455
7456
7513
397
728
1248
1277
1537
1581
2510
2836
3048
3377
3391
3450
3988
4370
5246
6432
6471
6480
6838
6846
22
66
80
222
303
362
384
414
478
498
544
620
658
668
701
792
810
852
861
909
916
937
938
970
1052
1054
1065
1093
1145
1146
1158
1181
1183
1216
1235
1253
1264
1323
1380
1480
1531
1546
1559
1563
1606
1627
1644
1658
1699
1785
1799
1833
1853
1882
2007
2116
2187
2219
2307
2348
2359
2464
2615
2626
2629
2694
2754
2881
2906
2984
3005
3092
3125
3187
3191
3233
3259
3260
3408
3435
3557
3579
3586
3593
3598
3670
3715
3724
3787
3796
3892
3897
3919
3954
4022
4098
4125
4223
4234
4280
4300
4321
4349
4372
4515
4539
4546
4589
4600
4699
4736
4744
4779
4866
4878
4959
5038
5048
5070
5222
5426
5502
5516
5527
5543
5626
5731
5734
5759
5842
5883
5910
5960
6041
6071
6138
6151
6216
6224
6322
6384
6490
6720
6724
6787
6830
6839
6841
6914
6939
6950
6955
6972
7034
7106
7151
7167
7187
7290
7392
7402
7427
7520
768
1569
1721
1733
1834
3818
3947
4844
5860
6340
6728
6797
6980
7110
4
79
89
211
376
500
551
619
777
781
837
1286
1347
1452
1505
1620
1652
1713
1855
1884
1957
1975
2065
2119
2220
2269
2283
2293
2314
2485
2489
2543
2598
2623
2666
2798
2877
3109
3124
3296
3302
3716
3744
3832
3934
3993
4107
4149
4299
4320
4392
4465
4480
4548
4582
4594
4772
4791
5007
5184
5276
5359
5374
5409
5463
5555
5788
5846
5923
6095
6112
6131
6252
6307
6319
6350
6618
6642
6785
6874
6997
7155
7180
7201
7204
7205
7256
7330
7365
234
581
665
1136
1316
1461
1516
1558
1570
1722
1782
1803
2019
2301
2469
3186
3306
3364
3400
3469
3536
3692
3842
3843
4210
4319
4384
4387
4393
4448
4493
4530
4796
4934
5074
5178
5297
5384
5505
5709
5796
5900
5919
5940
6118
6154
6162
6399
6476
6540
6564
6599
6649
6680
6964
6999
7028
7037
7043
7355
7440
7448
815
2113
2137
2142
2504
7490
113
328
377
475
624
733
772
873
954
958
1201
1223
1328
1383
1507
1791
1851
1934
1945
1987
2051
2056
2170
2262
2380
2451
2461
2475
2520
2591
3256
3267
3433
3498
3560
3872
3920
4186
4199
4201
4224
4237
4244
4254
4414
4456
4479
5001
5034
5099
5336
5345
5450
5561
5616
6093
6135
6256
6392
6541
6601
6613
6690
6919
6963
6994
7165
7469
266
301
405
437
504
582
618
648
662
744
1014
1089
1130
1293
1308
1384
1476
1650
1702
1718
1726
1780
1898
1925
1958
2076
2164
2174
2198
2367
2392
2516
2518
2559
2887
3100
3160
3236
3387
3625
3680
4026
4103
4255
4306
4410
4633
4639
4716
4757
4765
4987
5280
5403
5421
5436
5458
5567
5625
5823
5897
6004
6126
6127
6221
6289
6337
6425
6453
6561
6854
7177
7229
7416
1351
1551
2138
2507
3831
4030
5565
3146
4121
93
218
1162
1182
2242
2948
3212
4467
4733
5827
5997
7143
223
511
955
1131
1281
2271
2627
3378
3545
3620
3764
3914
4122
4268
4794
4933
5608
5651
5926
5979
6035
6067
6140
6165
7230
7484
7516
40
104
110
207
250
255
280
287
339
379
468
507
510
518
524
552
586
686
729
758
855
904
1067
1205
1290
1310
1330
1353
1361
1365
1554
1604
1609
1635
1647
1704
1761
1768
1794
1797
1831
1911
1944
1953
2010
2037
2063
2083
2290
2323
2503
2713
2775
2803
2834
2846
2865
2957
2979
3008
3021
3071
3118
3240
3289
3295
3390
3745
3889
3899
3903
4061
4096
4111
4159
4178
4181
4447
4451
4481
4590
4613
4628
4654
4771
4830
4875
4891
4949
5013
5077
5105
5164
5245
5269
5292
5333
5414
5485
5520
5614
5623
5742
5780
5789
5790
5802
5918
5989
6080
6083
6086
6234
6235
6274
6300
6335
6373
6535
6657
6665
6667
6703
6981
7132
7268
7269
7433
7483
420
52
336
400
512
732
773
839
965
1594
1623
1740
1769
1838
1866
1923
2280
2292
2299
2338
2554
2755
2815
2905
3055
3068
3128
3133
3235
3380
3388
3535
3703
3774
3863
3972
4102
4316
4328
4351
4478
4595
4596
4752
4941
5444
5445
5763
5962
6142
6310
6577
6588
6597
6767
7049
7090
2760
41
443
539
735
1113
1200
1222
1306
1787
1845
1931
2013
2182
2360
2412
2618
2624
3091
3112
3349
3456
3558
3790
3820
3956
4303
4377
4510
4700
4704
4713
4767
4795
4879
4971
5213
6194
6486
6773
6969
7096
7142
7284
6109
121
252
1110
1411
3552
4283
6157
6284
6456
1608
5942
6160
1661
4435
4732
277
319
430
546
684
963
999
1142
1993
2449
2893
3190
3486
3531
4943
6002
6046
6057
6630
7099
7133
7139
7325
7399
248
324
417
470
819
2199
3037
3867
3917
4753
4983
5389
5982
6029
42
2416
2491
7060
191
311
331
912
1034
1206
1312
1432
1901
1964
2094
2136
2141
2200
2344
2638
2757
2841
2880
3085
3247
3459
3495
3665
3765
3780
4012
4545
4768
4807
4885
4898
4965
5053
5165
5214
5295
5348
5366
5404
5633
5634
5675
5792
5815
5964
5988
6598
7068
2715
6168
375
905
1770
2447
4120
6763
6899
7088
854
718
1674
6347
496
1120
4346
61
185
474
720
787
821
995
1359
1528
1950
1970
3881
4141
4184
4798
4886
4999
5248
5529
5726
6693
7170
7511
935
1503
2234
3358
3404
3451
4036
6286
6990
7515
3113
3252
5944
6695
1301
1732
4152
5176
5748
6834
7507
37
45
117
341
583
592
598
1055
1209
1324
1643
1839
2027
2479
2509
2777
2792
2822
3047
3201
3573
3659
4059
4790
5159
5230
5293
5686
6291
6557
6795
6937
6945
7305
7408
883
2032
5881
402
1775
5079
898
1909
2432
5732
6991
3362
5135
7512
2121
7249
7279
532
631
782
1190
1436
2368
3136
3775
4230
4894
5710
6706
2741
129
5665
5914
6210
847
4419
5468
2340
3322
5898
6578
206
2452
3147
3987
4025
4144
4760
4774
4874
5542
5568
6366
7
487
1164
1289
2438
4044
5090
5701
6784
7265
7292
6039
6894
9
235
635
779
926
978
1030
1876
2073
2386
2462
3165
4452
4836
5066
5486
5551
6082
6180
6419
7027
7039
7054
7203
7258
7459
921
2107
2728
4483
5091
5491
5645
6606
6631
2
3
86
105
153
176
257
273
285
313
329
330
355
413
490
606
614
637
644
663
669
689
711
723
740
804
941
962
968
991
1069
1096
1153
1267
1283
1311
1321
1339
1371
1418
1459
1495
1509
1612
1631
1646
1735
1753
1764
1772
1784
1828
1849
1955
1959
2020
2060
2108
2186
2249
2259
2289
2296
2369
2371
2414
2419
2436
2446
2544
2578
2580
2664
2733
2776
2868
2899
2922
2992
3327
3347
3363
3403
3417
3520
3527
3565
3627
3628
3676
3688
3714
3755
3809
3835
3861
3895
3918
3921
4047
4073
4080
4168
4202
4259
4290
4301
4318
4324
4374
4379
4442
4506
4524
4574
4584
4601
4617
4632
4670
4686
4691
4729
4754
4809
4833
4839
4917
4953
5029
5037
5047
5057
5075
5197
5234
5313
5346
5379
5380
5443
5464
5475
5494
5506
5512
5534
5569
5624
5628
5660
5706
5803
5820
5833
5839
5878
5891
5896
5906
5920
5924
5930
5948
5958
5970
6036
6077
6149
6362
6388
6421
6430
6509
6533
6565
6662
6676
6729
6857
6898
6906
6944
7003
7013
7026
7082
7118
7125
7182
7227
7243
7267
7283
7428
7452
17
99
186
205
238
254
367
425
486
503
1016
1039
1122
1342
1372
1402
1472
1535
1666
1675
1822
2071
2087
2114
2120
2146
2319
2366
2384
2409
2499
2524
2611
2651
2700
2739
2790
2839
2876
2919
3168
3203
3255
3356
3447
3455
3534
3574
3750
3763
3853
3854
3883
3990
4071
4162
4240
4279
4386
4599
4734
4806
4860
4908
4912
4986
5132
5209
5388
5571
5618
5663
5804
6292
6360
6435
6513
6521
6627
6638
6651
6740
6863
6897
6930
7102
7135
7366
7458
7492
7504
6733
1258
1672
1
448
5702
231
97
1121
1266
1591
2748
3208
4502
4780
4817
6354
6377
6762
6902
6100
145
291
628
825
1318
1477
1738
1982
1984
2153
2302
2337
2453
2493
2805
3006
3141
3272
3348
3353
3431
3549
3766
3869
3893
3922
4018
4037
4049
4067
4176
4261
4376
4431
4516
4559
4775
4801
5140
5338
5406
5560
5816
6000
6433
6455
6615
6751
6828
6946
7019
7058
7115
7166
7370
7381
466
747
1681
2223
3310
3340
4082
4470
5109
5130
6183
6305
6753
7152
7183
1112
2811
2885
3710
3877
3909
4433
4955
5308
6204
6318
6369
6374
6760
7415
7514
68
239
1255
2427
4146
5695
1847
2406
2328
3751
534
754
794
994
1259
1373
1656
1802
2642
2935
3769
3802
3888
4446
4560
4849
4997
5611
6746
6867
7226
7420
7421
7275
271
1087
2224
3249
3824
6441
7262
7375
1801
2381
2794
3075
3077
5736
6383
6515
6697
55
832
2310
2600
2670
3162
3584
5259
6907
46
2884
3319
3952
4163
5528
5691
6275
6406
6692
63
225
599
1494
1879
3352
4692
4851
5683
6781
477
927
993
1196
1360
1560
1696
1754
2801
3508
4676
5320
5774
6356
6475
6765
508
664
1354
3017
3501
3672
3792
5136
5341
6881
6920
7066
7273
7306
4133
5267
7432
1263
1334
1483
3964
5219
6096
6576
6699
1662
2800
3002
3445
4274
7510
774
2481
3120
3671
5251
4424
2681
2577
1686
4841
6062
3852
74
2309
3521
3611
5114
5811
5814
6977
7076
7403
7358
520
6028
6886
7418
950
2171
6244
6916
7248
7431
6591
16
1109
1869
5615
6395
107
841
1022
1723
3246
3250
6251
6604
6355
625
1690
6702
6721
4492
1138
1282
2795
4208
1063
2622
4024
5040
6075
2443
3421
4904
7052
408
1105
439
3571
5051
7136
7288
403
646
3516
4294
4550
5456
5735
6124
6872
1111
3294
3312
3759
4708
5420
725
1889
2605
2918
5751
6073
6669
6675
649
4693
2901
7202
1099
1405
2048
2189
3441
3995
4086
5092
5181
5196
1727
6081
4803
548
1796
5758
82
1017
2222
7087
860
4889
1332
4072
81
979
1092
2658
2874
3283
4829
6243
48
5723
5832
7085
3287
1564
1456
1691
2477
3425
6545
7191
7477
7482
3214
4175
3216
4330
4673
5727
7462
278
1589
11
130
151
237
363
666
1064
1225
1244
1300
1521
1526
1574
1734
1767
1956
2004
2118
2228
2373
2793
2866
3472
3548
3662
3746
3944
4087
4170
4511
4535
4551
4648
4661
5006
5148
5270
5286
5402
5664
5782
5907
6288
6299
6333
6368
6372
6449
6668
7062
7144
7193
7264
7493
7505
2873
2704
3859
4462
5975
5200
1167
2232
2374
2934
3042
3873
4249
5370
5754
6198
6816
3814
4540
6240
1935
2274
3653
5999
6700
6780
2211
4555
2203
2334
2351
3856
4453
1781
4919
6215
1804
2557
2970
3329
6853
2496
4703
5419
6
2835
3049
4101
4714
169
256
286
378
521
602
818
947
1322
1341
1465
1489
1513
1619
1823
2184
2229
2250
2365
2382
2587
2928
2956
3196
3654
3821
4193
4209
4231
4248
4362
4369
4411
4425
4537
4990
5179
5183
5351
5391
5434
5460
5728
5733
6171
6454
6617
7004
7071
2042
3305
5845
7519
515
2426
220
342
6099
6516
6231
352
808
6001
7295
1914
5659
6444
3529
6807
6837
6302
6852
6130
2235
4666
872
388
5880
7211
1208
7022
5154
165
3278
3303
3801
5550
435
607
2625
3770
4706
2016
380
2128
4825
108
3509
5015
7032
261
985
1902
2086
2210
3553
3597
3723
3728
4970
5004
5069
5149
5284
5544
6596
6677
6738
6824
6878
7447
6726
6271
467
5995
2818
705
2476
464
1213
3072
4793
3266
4660
4390
5233
1015
3143
335
2894
373
2579
4400
6031
5533
2400
53
70
401
736
864
961
974
1173
1493
1524
1540
1572
1857
2043
2388
2495
2647
3096
3135
3943
3971
4041
4164
4188
4334
4531
4711
4739
5188
5644
5977
5994
6011
6321
6531
5570
5684
791
1187
3282
7386
317
1346
1815
2239
2673
2721
3884
5501
6177
7009
1600
159
667
5862
3090
5819
1544
2914
5487
709
901
1150
1610
2717
4655
3709
1396
1840
2297
4097
5666
6202
6573
6779
632
3361
3967
3239
4029
4840
6427
7014
7475
3011
3407
2131
3054
4252
7222
7401
288
5319
7374
2117
7397
5133
6308
7457
2124
5151
5642
6859
7174
6756
5805
1985
2440
3689
3871
5697
6759
6973
7499
4216
7044
697
1520
1856
3158
3650
4266
7141
559
306
387
1943
2080
2740
1366
1749
1262
3836
4994
6129
7367
3155
5332
6968
2535
920
4786
2705
2734
3613
4232
4573
1464
1790
4307
6396
5073
6213
6359
6241
2395
2157
2205
6328
87
458
4667
6056
3402
1789
7281
7318
3038
3902
5851
6301
1141
3768
28
3153
3973
5987
6116
7178
973
750
7162
5281
1948
943
3866
849
1593
7257
6887
502
2190
5620
5850
6877
2697
2997
5909
2678
4109
4504
5553
6270
4637
5306
4974
4916
5440
696
2185
3381
2405
4238
2947
127
3467
3608
7228
29
1442
5240
3401
2595
1285
6192
5573
894
4581
5122
1003
7272
5455
1012
2126
4394
